8 7 1.6 1.3
100101 1422.1706 3205.7660 501.324
110102 1512.3324 3092.5424 502.321
100103 1353.8141 3084.7541 502.124
110104 1251.8276 3262.5844 501.232
110105 1404.4671 3307.3858 500.215
110106 1524.5435 3280.9122 503.123
110107 1484.8573 3413.2802 502.534
100108 1618.1625 3419.3895 501.234
100101 110102 100103 110104 110105 110106
110102 100101 100103 110106
110104 100101 100103 110105
110105 100101 110104 110106 110107
110106 100101 110105 110107 100108
110107 110105 110106 100108
100108 110106 110107
100103 100101 110102 110104